# Created by Octave 4.2.2, Sun May 24 23:36:10 2020 +04 <avoup@AvouPC>
# name: v
# type: matrix
# rows: 4
# columns: 5
 0.9255391051531336 0.4384578944179735 0.09146510167087234 0.6175833761930664 0.4319028363883043
 0.2749768047659313 0.4989223637465798 0.5458944831069678 0.6340957312224339 0.698629645769457
 0.4928086761653064 0.1745963468141582 0.8660423344714665 0.9435971818207549 0.4503106541602032
 0.3234292637474603 0.2924295323743683 0.4607942260344909 0.2559005202972019 0.2019968663292331


